+---------------------------------------------------------------------------------------------------+
| Time of Event | Memory Used |      Partitions State      | Total Free Memory | Usable Free Memory |
+---------------------------------------------------------------------------------------------------+
|       0       |      0      |   -1, -1, -1, -1, -1, -1   |        100        |        100         |
|       0       |      40     |   1, -1, -1, -1, -1, -1    |        60         |        60          |
|       10      |      50     |   1, -1, -1, 11, -1, -1    |        50         |        50          |
|       151     |      40     |   1, -1, -1, -1, -1, -1    |        60         |        60          |
|       291     |      0      |   -1, -1, -1, -1, -1, -1   |        100        |        100         |
|       292     |      40     |   20, -1, -1, -1, -1, -1   |        60         |        60          |
|       587     |      0      |   -1, -1, -1, -1, -1, -1   |        100        |        100         |
+---------------------------------------------------------------------------------------------------+
