+---------------------------------------------------------------------------------------------------+
| Time of Event | Memory Used |      Partitions State      | Total Free Memory | Usable Free Memory |
+---------------------------------------------------------------------------------------------------+
|       0       |      0      |   -1, -1, -1, -1, -1, -1   |        100        |        100         |
|       0       |      10     |   -1, -1, -1, 15, -1, -1   |        90         |        90          |
|       10      |      11     |   -1, -1, -1, 15, -1, 12   |        89         |        88          |
|       14      |      18     |   -1, -1, -1, 15, 3, 12    |        82         |        80          |
|       47      |      11     |   -1, -1, -1, 15, -1, 12   |        89         |        88          |
|       50      |      1      |   -1, -1, -1, -1, -1, 12   |        99         |        98          |
|       91      |      0      |   -1, -1, -1, -1, -1, -1   |        100        |        100         |
+---------------------------------------------------------------------------------------------------+
