+---------------------------------------------------------------------------------------------------+
| Time of Event | Memory Used |      Partitions State      | Total Free Memory | Usable Free Memory |
+---------------------------------------------------------------------------------------------------+
|       0       |      0      |   -1, -1, -1, -1, -1, -1   |        100        |        100         |
|       0       |      2      |   -1, -1, -1, -1, -1, 7    |        98         |        98          |
|       0       |      12     |   -1, -1, -1, 1, -1, 7     |        88         |        88          |
|       5       |      13     |   -1, -1, -1, 1, 2, 7      |        87         |        80          |
|       220     |      3      |   -1, -1, -1, -1, 2, 7     |        97         |        90          |
|       245     |      1      |   -1, -1, -1, -1, 2, -1    |        99         |        92          |
|       307     |      0      |   -1, -1, -1, -1, -1, -1   |        100        |        100         |
+---------------------------------------------------------------------------------------------------+
