+---------------------------------------------------------------------------------------------------+
| Time of Event | Memory Used |      Partitions State      | Total Free Memory | Usable Free Memory |
+---------------------------------------------------------------------------------------------------+
|       0       |      0      |   -1, -1, -1, -1, -1, -1   |        100        |        100         |
|       0       |      10     |   -1, -1, -1, 4, -1, -1    |        90         |        90          |
|       3       |      14     |   -1, -1, -1, 4, 2, -1     |        86         |        82          |
|       55      |      35     |   -1, 1, -1, 4, 2, -1      |        65         |        57          |
|       55      |      25     |   -1, 1, -1, -1, 2, -1     |        75         |        67          |
|       110     |      4      |   -1, -1, -1, -1, 2, -1    |        96         |        92          |
|       125     |      0      |   -1, -1, -1, -1, -1, -1   |        100        |        100         |
+---------------------------------------------------------------------------------------------------+
